10000
6039
264
1838
3074
6914
7209
5286
6688
2274
2110
5142
554
2896
9330
83
482
4201
9045
7788
2408
9729
4576
1652
3614
6446
4072
6409
863
3747
3334
9407
3375
5591
728
4672
9407
548
7930
6762
2793
9547
5489
697
6193
110
1755
7300
6115
4865
4959
3100
7604
9579
9016
759
583
371
504
5287
585
5802
2722
4835
3229
8656
6556
2288
4027
7641
6908
5079
5584
3860
5655
492
8778
474
6401
2121
3035
1351
44
9274
5212
3527
4556
9657
2401
5495
1657
4720
5457
4658
2444
6469
8068
7370
3187
1147
2482
7501
9302
818
7746
8342
8725
8411
4620
4737
7187
4209
6360
8866
9794
5247
6136
8580
8036
3317
6471
423
7242
1991
43
5287
6072
4523
5677
2073
1826
8186
33
8655
3758
806
6230
2435
9251
9290
7952
7368
8161
6210
9664
3530
7186
9167
2271
130
3620
8662
6225
2137
8320
1894
7570
1696
187
8222
9064
5348
9771
9673
5063
5433
9825
6694
8193
274
4684
2683
2823
2062
3276
8076
6135
7105
2982
7487
2590
8054
7875
1278
2689
4476
8729
8258
5083
4223
989
1312
9402
8413
6899
5898
3447
5187
2644
8236
3674
7378
1895
769
1696
6584
7170
7868
7011
986
1097
5577
458
1001
8026
3944
7950
8695
4512
7416
2483
6480
5483
9676
7037
5885
9391
4037
9164
7221
1926
15
2076
9384
3437
9618
6378
1480
9396
5377
7244
5194
659
5306
8593
3364
8984
705
4532
6898
2938
8870
1311
5702
3681
4639
1102
7429
635
4765
6273
5846
9988
6724
5862
8299
4979
2228
6071
1090
5972
6979
1226
4721
2829
886
7106
5591
9083
7880
5929
2277
1340
3774
3592
5810
9982
7130
8966
8047
53
8432
2709
6795
6725
1822
8056
7930
7694
8739
273
2749
8789
5424
3531
513
989
5701
8787
2045
5127
3038
7536
1607
2890
8152
2478
7628
2878
7434
3012
7169
3942
2163
7268
2339
9282
8437
4851
2939
4149
8044
3882
7926
4240
1565
9656
6728
2060
4078
2894
6196
429
1881
4564
6490
3063
9267
9903
1010
9462
24
7307
3503
5729
5327
7524
1305
1260
1033
2695
5895
6186
9562
2392
8223
4800
8611
6164
5684
9926
2680
4082
802
2576
2005
7171
7084
3176
6973
2364
410
280
227
4511
9530
7512
769
8824
3615
5695
1675
8141
7173
5839
3520
8287
780
8497
8848
1590
3810
9176
7404
5745
7115
7937
8749
4751
9428
5632
437
3475
8745
6406
5805
7273
7328
4411
2304
6499
4000
4189
5051
6188
7561
3327
8313
554
515
9718
186
8946
22
2663
4
1195
7810
3936
9244
8360
7143
6899
6446
2147
735
1744
411
8954
6271
5949
3674
6924
6741
8635
1437
2902
276
5663
7540
9762
7421
4351
1550
9521
7397
6184
7970
9970
6129
8471
8861
3738
7834
9206
6302
6164
7314
7909
115
9895
7846
6917
9359
8058
293
9107
7058
3036
2175
8813
7331
8279
9353
3198
5727
3933
2835
3864
1801
3701
9689
9094
3418
796
3246
5263
7542
9246
5487
6559
7398
7284
8195
713
4170
5957
4144
4729
2583
6609
9618
8653
9840
1888
2101
1360
6583
9807
787
8699
5699
4981
5684
8020
5170
8704
3320
3331
8901
9334
3862
3712
2798
8814
6008
8013
5946
5410
1140
4293
3198
5398
164
9399
6846
9115
5000
344
4274
4072
7120
515
9340
7915
968
9764
555
3408
3299
2478
4771
4885
9366
5906
1247
328
2893
6871
7329
6882
2827
5903
123
902
3587
5538
2225
2041
920
2853
2729
1674
3817
4213
8500
9262
3106
7741
5408
5793
3836
5617
9984
498
7061
6880
8384
4148
9298
5418
2098
1040
7255
5299
6349
7443
3971
3780
1340
1119
8463
821
9962
8334
3633
7483
1479
8653
6692
1487
5633
4943
3205
2701
3883
6969
8041
1852
7448
8362
8673
4233
165
4545
7940
612
8090
8024
1277
6418
6809
7377
9534
2324
9912
5864
4248
8978
3691
7998
375
4549
7361
5902
4417
5352
299
615
5326
7074
9337
6231
3128
299
2756
1748
2320
4273
5378
9943
3203
5759
245
4334
3599
1533
4301
3691
5071
8918
2920
9845
1136
8362
9724
9788
6966
5820
6733
5350
3585
1394
4192
7371
9314
6097
8592
3256
2366
9461
813
8932
5973
3106
9300
4282
286
6635
495
5457
9422
717
4815
3574
7686
4431
4237
7590
3653
5203
4330
5663
288
5442
9883
1649
6733
9401
484
4420
191
9351
8363
7084
2120
4392
410
1604
798
3521
1094
1296
2695
8842
7913
6266
9861
6255
7315
117
4409
2700
9736
5677
8343
5744
1456
2612
777
3257
3920
6464
1801
5782
3452
1110
1893
9107
3911
7079
4276
3241
5304
2719
4864
227
278
966
6015
3449
6509
3763
4528
290
6061
4688
5650
3202
9983
4869
6868
1451
2011
5102
7540
6337
1403
3164
7327
9832
8733
3060
4036
2583
7457
9260
1005
1060
8074
7039
6573
4828
710
1063
3738
36
6202
5498
8889
2904
5697
4198
2756
57
7448
755
2049
9434
417
1236
8733
7805
1994
6174
421
9948
8419
4582
5129
4183
8920
937
3629
9770
323
6244
32
4796
8684
4052
7771
6033
9224
8828
7653
9701
1223
5387
2953
4283
2964
7737
2393
5936
9785
2516
1593
2132
9782
4282
7568
7123
6620
1469
2939
9060
131
683
7995
838
1287
560
8979
3428
6239
9765
8322
2745
6321
8850
8362
9668
3002
6626
1883
4692
767
1279
1730
1206
9709
6212
4079
3252
7514
9425
6562
8581
1940
8384
4609
6739
2727
4183
1454
4400
5071
1659
7131
8591
1877
9245
6389
9918
7519
992
4247
4377
1410
5813
6189
4053
4612
3254
6277
3558
7202
177
675
7211
8760
1177
7246
3362
6671
6699
3708
7308
1185
8010
1957
3985
734
7954
6309
5795
8549
2564
6457
4962
73
5587
9308
3371
3234
9940
8536
1069
3299
9515
3352
5669
2233
1221
9822
6438
395
1424
845
4704
3079
9133
2027
1412
9329
6428
6711
7825
9787
7680
2270
7697
3163
8723
4337
7429
4320
8757
3910
2916
9349
8511
1873
8576
8086
8705
3744
840
1947
3093
8987
84
9039
9021
9587
9008
5617
6009
2133
8781
6285
3829
1069
2260
6775
9487
9709
4342
2366
187
3657
4879
7434
126
479
2518
6468
3028
2296
8623
1291
5931
7886
8449
7371
4876
8200
5129
8422
827
3976
832
3429
3060
7140
2261
2478
3797
1439
6329
6007
2650
4178
4527
8487
1837
9185
80
2602
7507
5714
2617
599
391
9780
4353
7885
938
5327
273
8529
8185
7014
9862
693
7317
6805
1871
7527
3555
8030
768
8306
3142
4697
9984
4961
2364
1059
1619
5227
2142
4869
5547
6509
1542
1757
9370
9172
2044
3387
6331
5550
7822
150
1568
9219
6733
6252
8402
2761
5434
8841
1790
9220
5401
9560
6215
4061
4425
1704
4253
2398
289
8929
2437
5672
6738
5243
3672
8834
9046
3020
5240
4913
8113
4863
4982
1173
6113
2628
1804
6633
6477
9774
6130
8650
8744
2669
2579
7326
1219
2278
4890
8209
2019
812
3188
8666
5053
7811
2702
4566
8028
9188
6918
2084
7101
3782
1604
9451
1808
8017
4456
6753
3988
9070
8137
7477
5527
8532
1624
1361
1620
6382
6164
1118
4058
209
3156
1783
825
1258
4586
5457
6299
7964
8871
4886
5017
9318
4739
6211
5247
3543
9778
9837
7124
2927
5114
4319
4625
5299
7631
8171
4170
9022
4711
678
4284
4101
2207
3793
4885
101
8707
4875
6846
2799
9041
8480
1164
6546
8042
4443
4427
3425
4947
4565
7083
3677
3984
7045
1466
4111
7657
6805
3084
3162
4614
9398
922
2412
4441
4068
2485
9161
7345
5346
1507
5457
215
9503
264
3144
9944
2104
63
4986
5223
6230
2730
5878
5082
8087
8173
3849
4847
1006
4209
3517
9642
1139
1985
3278
7664
6363
6831
4524
9446
3349
2021
3820
9350
7360
1935
6466
4162
4431
6897
327
681
5915
6275
6370
2396
6286
3952
9896
6961
5140
400
4735
900
1544
2143
3342
1676
1483
5068
3893
2864
9917
2520
9122
89
9350
6193
5829
6289
8270
3014
1757
3978
507
4688
61
9494
5110
3875
4867
8972
5414
3056
9524
5991
3092
2934
8319
8773
6929
4278
6326
3047
5099
8348
8491
6251
5133
5052
8295
7967
3926
962
6730
2181
4295
125
8537
6681
6461
8916
9827
5824
640
9424
4178
2403
3775
9385
7084
1152
1031
671
8305
5440
2852
738
3942
6835
4209
6047
7384
3794
5553
5633
179
1817
8482
9269
1513
9132
8644
3551
2519
9266
234
7507
6129
6577
2790
9768
8201
3319
2539
4784
9765
3027
7429
3894
6359
2207
1675
8708
878
165
4266
6834
1562
8298
99
9142
9071
8258
161
1954
5350
7975
3694
2559
5035
4200
9023
546
3871
9000
6174
8521
1621
6473
2389
4775
1530
4531
7752
4612
8731
614
644
4087
2481
9935
1550
2997
9917
7335
7335
7284
1812
8441
3681
4267
7786
7209
7785
8880
3680
2927
8194
4496
5910
9411
4861
4298
4032
8078
3765
2532
1548
7808
6414
3796
8894
705
7342
4675
6298
5208
1977
7001
1845
2575
3613
4444
5979
8409
1445
7970
1888
2401
6450
8339
9284
1370
3847
2924
5405
7587
5930
9394
1571
996
8033
9299
8468
1102
4256
1139
9370
721
9146
9714
3961
7384
9233
5938
2061
2508
3237
3923
9811
3329
8400
7655
8393
4777
3333
6592
559
5391
7750
9819
9327
3012
9940
8264
7943
9549
410
8688
150
9875
8466
7103
683
6110
6139
4883
9736
5621
9673
235
4233
1517
4342
175
7341
7266
2037
8495
9070
3406
729
8954
406
3769
5558
9943
9493
5856
9482
4126
8004
965
2242
2120
7712
8461
2076
8698
9037
3360
2311
6949
5034
3082
9755
5747
719
2997
6586
823
7596
8564
7532
2267
3775
2754
1880
7416
5861
3397
2027
8904
4054
1525
3850
8474
5636
9372
8093
3934
2684
2305
7516
9716
6703
6995
8750
487
4315
6358
4683
1470
8634
8190
8875
4338
8204
702
8329
3919
1855
6933
4981
3364
1770
7589
8012
6411
6331
9533
802
6579
7942
7614
5471
3391
7111
5217
214
9
6650
5081
9729
1581
2877
7907
5266
4138
6949
2539
7991
1862
6585
3283
6708
4829
5036
6755
700
8496
1561
9870
2412
3868
5136
4128
386
9499
9779
6701
1193
2359
5221
3356
7017
4497
1943
7026
1454
9343
2746
2587
2209
4349
3833
7538
9108
4340
1425
8669
5702
5918
1793
2450
9573
7100
5829
4087
4716
7222
3021
3363
8278
1990
3531
5417
1134
8112
6821
2427
4448
6619
9926
5585
4560
8629
8115
4369
8904
376
3238
7958
5865
1698
8148
5052
7116
1181
6423
3164
408
2849
6510
9524
5854
7347
9849
1575
3877
9166
9642
6195
4827
7067
496
6732
5628
3312
4341
3731
5555
7491
6523
5090
3001
9720
2399
3110
3830
7510
1405
3344
3498
5679
8910
9891
3686
9118
4460
6647
2958
5654
3687
3673
1963
684
983
7424
6413
70
5817
8853
780
1311
5276
9976
7809
4260
8155
4266
4009
9751
4093
4917
5954
7354
5298
8683
4819
1664
2750
4982
7281
9256
8792
280
9174
9639
1004
742
5542
9073
3110
1920
6257
3727
1442
8341
6556
4980
8300
6586
2928
2165
9678
3138
7080
8886
9367
6056
5127
4321
5941
4467
9977
7264
9361
469
5549
6884
3600
8462
7459
9788
9220
1423
915
374
2660
9037
2968
3585
4533
1801
9721
7748
7582
4527
1191
1320
7756
7817
7739
7492
2966
2986
7917
3857
1353
2793
5069
6642
9218
4412
9507
6659
2880
4652
8211
1011
3589
2230
9180
6236
6090
524
280
2901
7205
1466
8419
5448
773
9586
4132
3871
5606
2002
9944
1090
3149
6929
3996
8361
1332
8424
3322
777
1257
6259
2141
7041
8921
1094
4151
6780
7564
7
2359
8259
6694
4281
1296
8826
1913
4561
3369
7754
9067
5876
531
6887
4673
7375
9705
5866
1670
4272
6431
1959
4796
879
645
1946
3801
7569
4482
8883
2106
1924
3687
7098
5949
1044
9106
8333
2111
6526
4568
5116
37
6817
8949
1726
8095
8519
10000
4051
9976
473
8780
5294
4490
4476
5208
3639
8424
1157
9223
9709
5323
5183
87
5747
6771
8168
6422
6836
1113
9061
13
7303
4067
8428
8317
6509
6300
730
48
2572
7999
3018
9043
966
2240
1532
4837
3758
2167
543
5941
8551
6551
5618
1536
1635
5912
1498
9504
13
3442
8921
3783
8477
1181
3203
3930
9879
1369
700
9868
101
9820
6674
9148
8443
7297
4430
7561
3285
4059
7890
1858
5159
6133
3657
3038
3795
8290
8573
6246
6916
1279
8275
2902
9925
6072
3323
8090
5617
8364
5093
5388
4754
4185
2750
3684
7019
6608
4720
155
8063
3361
6290
7611
9853
6706
7315
1117
7980
5207
1106
9145
5582
8873
9640
8642
749
6624
7558
1070
6814
9003
9168
6906
8228
7587
5325
1206
7102
116
5372
6480
8399
7507
2507
2900
3642
3367
3213
2784
1092
142
6740
2418
2827
808
8055
8070
2555
8435
6769
993
9320
348
994
7312
1172
1452
6591
6768
3221
8500
6061
6854
4245
406
5200
6134
9881
1542
172
2351
5236
9574
8500
2551
9681
4177
4807
533
5053
623
3528
6267
7632
3730
844
9532
2231
8346
4103
2154
5158
1996
9437
9067
1743
7252
4008
2540
2260
6415
1259
6050
1678
7949
9327
4133
61
3852
9250
3009
6732
3327
9744
8559
8462
617
1855
9841
2422
9488
1531
4481
5596
35
6285
3487
8492
7195
6664
9888
2495
8623
383
7490
5644
7888
303
2718
1582
9845
7654
8264
1338
7510
5010
458
6897
5728
5981
2612
4151
624
9435
2854
3070
2740
456
5368
8168
4626
9975
9501
7842
3177
7946
5046
7570
488
7019
4751
1612
3218
442
51
8408
5189
1744
4059
2213
9825
553
4012
9257
8918
6013
1009
671
4917
3057
5727
6425
2190
6768
6347
7801
2397
8104
3190
4089
2827
4440
269
9355
9044
6225
9161
1583
8799
4759
2503
2185
6566
4467
5888
9029
9755
496
2831
2842
8449
498
3721
9870
9617
5712
771
9423
8338
6906
116
4835
2997
3934
6756
8488
690
8790
9861
9323
4399
4400
6005
568
622
9351
4239
7388
5085
360
7215
1313
4765
5530
2712
501
2119
9863
5193
7494
8274
1110
8052
467
744
5632
2677
6861
3143
7209
2333
4048
4098
5353
7638
747
566
4101
6003
4530
461
5852
2916
1329
113
9238
8940
8894
1437
59
2492
6377
1742
8706
5447
5289
9493
973
1657
4155
6113
9929
5976
8557
1968
6348
4560
5367
8703
1587
4647
867
8718
3451
4308
2316
8085
4118
2259
8695
335
2616
7765
4613
4554
4058
9916
5804
3212
7355
93
3842
604
5979
3121
2836
1241
1283
6648
9788
4060
8093
3513
9968
5348
509
6955
4830
6553
9174
9173
4699
613
501
7701
2516
8630
7187
854
1830
6917
2592
8745
9335
790
9102
5131
9767
7052
1811
2800
4093
8088
9604
7931
7310
5654
4513
752
5181
6069
7448
8604
2839
9135
2198
4934
7264
9560
8371
730
921
9337
6836
1396
2193
4620
1742
4664
6968
5114
6680
3982
7321
9292
9931
8975
8850
7695
2188
174
9162
8408
50
9003
9284
5141
4722
9346
4998
1943
5318
5138
1310
2446
425
594
7886
7515
8136
7518
9922
8501
2641
8767
2194
1660
2991
7643
5599
4800
8818
7376
72
5153
8665
6286
4644
7466
4874
5076
7210
6697
9487
469
2938
7061
5937
5373
868
5262
5267
4408
5289
4182
9024
9267
4623
6381
5683
455
4298
8903
7265
2951
2113
5892
5963
5144
9180
3930
5460
7299
5927
6665
4966
9791
2448
7589
5678
3395
9664
6159
3509
4135
3873
5518
3470
1335
5129
483
5214
1899
2034
3896
3344
371
1251
796
1278
568
9087
3752
7209
5705
3247
1890
7525
4814
6645
2143
7724
368
3160
8778
4351
9173
7580
7621
1134
5435
619
9842
2117
8838
2864
8018
6020
622
1967
6886
2378
9003
3195
4130
1946
1899
9293
8744
681
5848
4554
2570
7805
8163
6732
3539
4492
950
4527
5494
7108
6579
3160
2478
1122
3452
9966
7769
3604
2224
5903
8955
880
6884
6160
281
9173
6396
5600
681
8884
825
1465
6530
8379
2471
5552
6606
7380
6606
5581
1815
2731
7801
4187
6747
306
9450
8292
9715
6890
3949
5534
619
2066
4870
1717
5605
7688
4603
315
9713
8953
2495
5579
1689
4142
6880
1651
1953
523
4117
20
8176
2408
7850
1343
3188
2074
4366
4851
3092
6599
6313
3588
9867
4339
2408
851
6379
1687
8959
8044
91
6159
3067
6417
8939
9386
652
4522
7017
4413
6275
4836
3541
6889
4073
231
698
1731
9034
6889
9876
4312
3239
9167
6191
9273
5893
6149
3965
8868
179
8230
590
1732
1216
6537
8304
4383
740
1585
2040
6764
8027
351
5940
8003
3249
1752
5464
4934
3438
8294
8001
1371
8013
1585
3913
3651
2028
924
2256
9447
6982
8672
7408
2079
9463
3638
9325
9258
1147
3326
3987
6296
9262
487
2153
8751
3884
611
2130
142
4485
8766
7138
4995
6154
3705
3544
3467
8179
3217
7245
640
4174
9929
684
9655
5933
9978
2542
9657
3856
1746
8795
5705
8125
5449
3074
3283
4783
9064
4794
6918
8242
4715
6124
2023
7569
9461
8837
7899
8911
5814
4229
157
456
1759
3417
3512
6553
4983
2536
2678
7311
1480
8136
2762
8710
8434
5408
3886
3915
8497
3207
5163
8112
3163
298
6392
4808
8474
1331
9283
6260
4067
1253
3558
6875
903
7650
709
9572
4670
2267
8447
8178
7690
3074
3296
8113
3223
9488
3452
6525
4170
8803
4254
6597
8967
8837
6487
5887
3204
2692
9534
8005
829
7320
9890
9409
551
542
6805
9618
895
5203
7169
782
4251
2467
2244
9149
7572
445
7432
4599
7727
8641
8450
3676
8124
6007
9494
3771
6281
6206
2646
3427
2792
9588
7976
3489
4077
121
6252
8491
7782
8777
626
1518
9444
4543
2538
8618
8551
7972
2407
9704
6326
8057
607
9992
7973
3383
469
7458
6032
7472
2302
7027
6591
1956
7729
4612
6284
311
9238
2084
6738
6504
3965
4884
8463
8646
4392
2252
6149
177
3226
3712
3125
6890
3090
1260
8573
654
4803
2716
8717
3780
2996
1122
628
2965
57
3838
4679
8500
6207
4075
1314
1892
4989
2784
9537
6632
1391
652
1592
1031
3869
6662
9346
1343
3143
3151
136
1720
8414
7481
3715
8065
375
7134
9342
8581
8080
8204
4941
7736
9461
2653
6899
4028
1974
5532
3833
7052
8009
7302
1344
878
5791
2383
7145
934
1039
6042
7056
3775
949
9765
1266
9673
4843
3583
2956
1751
3015
462
6150
5183
6879
1853
9454
7989
582
8037
9248
9842
1944
7217
8016
8532
7875
2660
6989
9937
1313
3423
4429
7487
3540
8880
2383
7585
5027
4387
2553
5613
8068
6235
2419
5225
3479
7077
6200
3966
6829
1038
8764
5156
2538
6158
7456
5877
2549
9939
2270
9452
6289
2257
722
8182
1547
6888
7096
4620
8686
8162
6485
7281
9805
8460
6579
4401
4423
9771
552
3589
8017
3099
6997
8877
9258
813
9884
5138
2905
1802
7085
7940
1916
8499
1014
1174
6264
8217
4934
3963
9069
3860
8565
2216
3561
7956
8342
3843
3625
627
8342
8496
7761
5496
3314
4009
8783
6507
4589
7781
865
6536
3852
8270
2727
9398
7982
3167
9881
4127
8908
453
8643
6714
7885
6260
8692
2659
7737
7405
4423
9617
1422
6398
911
8752
7800
4633
4136
2672
1165
4301
4025
3414
1491
8808
903
8062
7604
415
1151
5820
5063
9724
7730
383
8572
2326
6790
2635
729
7559
3131
3646
5425
6013
2749
7608
8712
9871
9673
8587
337
4098
3556
393
238
738
8756
2467
8477
4719
6461
6655
6668
3054
6444
9084
620
5004
6181
7273
4356
2419
4149
3341
6098
640
4799
9954
3523
8865
5538
5224
5859
4633
8346
5839
3597
109
1647
9968
9588
4732
6481
1902
6416
9724
1550
7469
3146
5378
4918
5375
9555
4880
5964
2517
6718
8249
9370
5763
5362
6679
7276
9709
9809
7173
7166
268
8909
3507
8960
5690
5166
4285
3037
6101
8608
6360
5977
8376
806
4682
5786
6834
1460
1672
1848
8662
7004
1979
8339
6857
7019
547
6659
643
5613
3648
8315
7627
6104
2155
1832
5146
6134
8579
6518
5175
7550
8565
4200
6338
9245
1672
2389
620
1551
3353
6402
3618
5908
7677
5041
3195
6998
7177
1938
8278
8058
3588
8385
5389
2956
132
5358
5673
5214
1224
807
6133
1156
2905
3963
1903
697
8052
807
6030
8131
9988
9618
2434
8931
6814
3257
503
9285
5410
6897
303
3485
3264
1467
8417
1157
6258
3391
1961
9440
5752
9159
3797
7278
9802
2469
2740
6945
9259
3926
6559
9571
6876
1167
1538
8069
2662
7610
1008
1528
5402
8675
7392
7109
2449
1217
1317
5093
7065
9007
5936
2910
7463
4931
1566
9937
1095
5134
7864
1618
4252
3244
7179
8709
1022
7235
6147
7032
2995
7144
9043
1925
5183
7151
2482
7737
7777
3627
1469
6092
1929
7966
8579
1560
5210
9907
6820
3180
9909
1332
4534
4392
6702
5571
9923
3074
2348
6834
5744
5981
7253
2535
8660
1919
729
8132
1451
5414
7
5946
9034
8827
5423
5012
6477
6194
3472
2821
1041
2856
3129
8366
3052
2880
4597
7843
9909
335
1676
9948
8985
217
6678
8058
8656
8769
745
2543
6441
4107
5926
1446
1408
6274
1434
9777
1962
1549
1285
1029
8229
4806
3423
3843
4075
5453
9662
1052
4646
3471
5661
4707
1746
4791
271
8904
8257
985
7348
299
3784
7280
2919
7848
4747
6308
4632
5599
3722
7107
1904
8252
4870
9117
2533
6737
5169
8711
7949
6887
3918
5536
1171
3331
8042
2318
3406
2700
8229
8779
1508
1580
7448
7822
8469
5029
875
9965
5886
5015
7626
1654
5711
4841
4775
368
466
3397
3139
3195
653
2015
5973
1501
7540
2578
2510
1947
6770
4540
2274
4367
9091
9751
282
5290
7682
3012
4182
3941
1508
9053
6007
4629
3648
6586
6020
5397
1225
6734
1952
8722
4179
9861
3610
5057
3850
5318
3628
3825
8617
2823
4848
7901
9575
6770
1004
6635
1268
524
9912
6340
7560
3768
2527
9835
6814
2844
8719
1648
6547
4118
9071
5415
8796
7432
8487
2019
7958
987
5397
6154
2076
161
2864
2647
9788
957
7956
2624
3915
969
9107
4630
3468
1009
390
5503
8437
6862
2994
5146
4671
7867
5661
3067
1121
8052
486
7657
166
6349
3411
3814
4057
9192
5234
275
7365
7021
7551
2810
2738
8515
3025
4404
2566
3226
5883
5870
4978
7170
2128
9860
7661
4975
9483
3971
2092
8548
6171
2868
2567
1358
3790
5375
6988
1102
4199
7641
7742
7756
509
4364
671
8584
3992
7078
2336
7027
2066
868
8493
327
6031
9730
6322
7169
5049
6554
9414
1844
7261
7172
4204
6704
3594
1186
1973
8181
7403
7834
7186
7615
9154
7761
186
272
1360
4944
6242
9230
9030
6601
9778
1235
7066
353
7885
3114
5597
2743
2753
717
7595
5610
4067
8972
1873
2415
981
1517
6683
7553
2226
268
2441
2583
9694
6108
2330
1060
3888
4010
9671
531
5443
2742
7781
398
5032
4924
4046
6487
990
5837
2117
8923
7887
6463
9808
7782
1256
8944
9409
7757
8682
9906
5508
6825
1925
3446
2434
7391
7030
6268
3824
4268
363
611
6834
1959
9627
3273
2432
8272
8435
8699
7950
7179
9703
5203
3922
3740
9048
4897
7927
4497
956
6781
1016
4209
5700
7813
6913
4961
2230
1243
3535
4210
8473
2413
6517
950
4943
9390
9015
4017
8050
5030
9400
3580
3611
4950
9528
5730
3534
5211
638
2601
7704
3006
366
6591
5288
8322
2950
8879
2924
5647
2686
9253
6470
5959
3505
2568
7192
2755
4421
8068
7126
8765
595
2721
899
702
1274
2670
7904
6537
1826
3827
5565
6725
6832
8995
9858
3371
1582
3344
3878
2890
2855
4003
4545
7121
2502
9517
7216
4823
5686
216
1295
51
7870
900
8309
3990
6656
5501
6153
4271
3794
8862
535
2699
6518
4992
190
8134
708
6398
9263
7068
3995
9928
7851
524
124
917
2150
7032
2865
613
2203
2735
3288
4838
188
9247
3649
5170
9911
9109
1194
3422
8824
1563
1281
6074
6034
6600
7636
6507
3660
2350
3876
4998
6525
3326
2021
5297
6749
41
4745
3404
921
5273
3318
5768
4487
9387
8597
552
7334
8741
656
3850
6816
6048
7008
8215
3439
6664
7937
1849
5748
4391
8357
916
5465
7485
5808
658
1806
9617
9745
5707
5869
7039
4817
5721
4
7557
5416
6102
5581
3800
4805
1939
2627
8118
3834
750
1203
4460
84
8300
8620
4631
5329
8997
6555
1587
1289
103
861
8402
7354
3778
7173
3078
9540
2870
5163
6664
8778
4774
2116
5449
7154
5282
9800
7784
557
7255
4339
9017
6124
450
5784
3212
9894
9386
6530
8142
6034
7562
3205
1481
9074
5654
4005
8117
5673
3971
9089
916
166
6505
9600
4381
7816
2891
3350
3997
5053
7160
3713
5497
2939
8782
8991
6044
2889
2397
1978
8233
9280
3542
1629
6823
4768
8171
1949
3135
8814
9409
2698
2122
4153
2701
1344
7470
6365
1904
8095
3831
4948
5641
5541
9841
3782
4121
4501
1166
993
1783
1830
2516
4501
2565
5097
4270
8784
601
4043
3253
3144
7594
5283
1652
1459
784
8364
2987
7026
1000
7782
4579
6223
5017
123
3110
1950
4416
4549
6193
7718
2128
7506
690
2468
3446
3646
3531
5119
849
6958
2915
585
4245
3717
6293
7708
2851
9246
5256
9235
9543
4170
3274
4256
3023
1187
933
9395
3108
9866
5823
5039
3635
6337
2743
2596
4499
9861
4616
9435
6937
811
8247
447
3502
4670
8874
345
3843
7023
1289
8419
7412
9256
8229
6138
1416
3182
3241
3898
698
9028
2635
219
7736
3163
8015
3311
2817
5997
3899
2881
6622
6458
6438
6404
2147
9600
6904
1887
2229
5051
8951
3809
4497
52
9486
3823
88
3368
1821
7119
3714
544
6496
2569
9742
6839
3995
9200
6081
500
6990
3567
7220
2070
6163
614
3260
5276
6308
9891
8569
8016
7159
2008
1985
8922
5071
4273
6158
7849
6451
6985
7972
9100
6229
2295
4414
427
1158
3396
6358
2327
9678
8207
6437
1253
4207
4209
9771
8428
1022
7672
4396
5679
8871
7342
5955
2285
5769
5662
7230
7999
6297
1968
1593
3196
4206
2466
8222
1731
3384
4150
6452
1632
5205
4081
7419
6210
1480
8898
7206
6320
3409
9018
7229
3390
5164
6781
5047
5910
6707
2058
5167
6653
8729
1936
861
7693
9892
9455
7680
4814
1517
6716
2749
1160
1646
2364
9062
1042
1231
7130
8088
2894
9278
6488
2422
8483
3102
6277
5407
3778
9200
1647
2013
2935
514
3746
1833
1271
5478
13
2990
4529
7737
9646
255
1266
3746
7243
5288
6800
7927
995
7912
5377
6200
2938
9727
1649
9050
8156
7085
2329
3726
5553
2526
2831
7593
6998
2034
7428
4647
3054
9333
4522
6811
9101
3270
5887
6616
4846
8510
6075
6838
1568
7611
2439
381
8529
9483
2973
8279
178
5640
4415
54
8396
4035
1177
3923
5471
8411
7415
4664
6014
6141
7766
2677
456
7555
7787
6183
9754
3475
6204
3009
8189
6807
5413
8958
2667
4822
334
4453
6707
9048
6028
9914
885
3377
1311
3204
1764
8470
5852
988
4782
7504
4040
7623
9461
6063
5238
5319
9756
4420
253
8027
7208
7632
7361
5494
1263
2439
9704
2525
3137
9865
1915
3941
8811
6571
2897
4124
2569
2490
5270
483
5349
2338
6403
7496
2142
3721
2576
4799
2531
4101
2694
1730
5603
8660
9697
6944
3001
5433
9058
6729
5929
302
9186
8342
7113
343
2918
9484
3472
127
1875
2131
194
2474
5416
4429
4482
8347
6973
7951
1715
1517
1042
8836
2521
510
6310
5189
3449
7778
767
1176
2978
5898
7446
92
5584
3833
3201
9677
2849
4985
2453
2434
9519
2797
1545
3358
8561
3339
9865
9920
5372
8985
3199
3714
1691
3335
3855
8622
1022
3361
5349
9970
1374
138
6253
5292
8292
4771
7780
6695
9891
2356
1879
2878
7088
3098
3123
2666
2581
1655
8690
8764
6800
9437
657
8063
5777
2108
6614
9611
1925
4770
1589
9757
2226
8157
1947
6000
2050
2239
11
978
8873
5873
2381
6116
7859
4718
7464
3343
8559
8985
2070
9076
8540
3713
1090
8696
7913
3487
3587
6042
9802
5241
1660
944
5372
5175
671
6385
5759
3537
5036
4645
4646
476
8803
3286
8379
6362
7509
592
5191
578
4154
7090
7555
7003
2102
9489
8518
1701
8622
7794
4485
6162
3366
5881
7496
3994
9347
4718
6120
5210
1798
1620
6026
7891
80
7315
281
8898
6090
6
6692
7805
5439
3218
1642
4411
6386
9715
4073
4146
1275
3496
3730
1426
8859
5865
2707
6253
7239
7313
4774
9342
687
9479
9979
6504
7592
9631
3102
5742
1511
2296
4163
927
3628
6411
8355
5109
2714
5309
4575
3819
8057
1521
6464
5865
61
1116
9645
390
4345
6092
6715
1412
7691
8648
5788
6377
4884
2341
7155
731
4962
3763
824
5915
3257
1707
6432
7577
3907
703
1599
3347
4355
1441
7526
5135
3350
654
1165
4862
2464
2435
3219
1338
7747
6694
5362
4510
3680
5284
2017
6407
7813
7764
3482
1809
6974
6507
6096
1393
1163
6743
1151
2210
1776
5497
4201
823
4063
795
5429
4117
4022
6782
3472
1840
5318
6045
4819
3804
1950
8648
4017
9199
6363
9499
5057
242
702
8904
6825
8232
9330
8057
3491
7459
5710
3730
1627
3497
4977
500
6469
9613
3470
2032
6516
7175
7434
8826
6801
8751
662
7188
7093
7784
2072
9219
78
9391
132
976
6197
44
6599
5784
8228
9719
8050
1057
1412
8790
8565
8574
5476
5483
3497
6787
2099
7852
7271
8868
1867
2971
5441
6058
7536
1541
2878
3963
5475
1552
7340
4696
7764
171
3900
5676
4440
6791
1430
7668
439
6510
7852
2612
8425
7120
7235
6984
3276
8231
936
5292
3580
7298
5223
2365
9984
4842
8483
5187
6159
3720
4540
7401
4339
1436
5039
3503
1365
318
4414
965
7961
4563
6508
95
907
7203
6501
9017
6644
2203
2690
3273
173
9130
5845
7457
384
8984
7502
2901
6492
5445
4816
452
5755
6402
5832
7170
718
5540
1757
224
9023
5911
4519
8897
8948
3997
4404
9878
1127
140
429
3790
2011
6504
8271
356
1084
1570
5998
1806
7323
4992
362
6832
7329
4947
240
6900
7135
8218
7968
2424
9480
67
6170
1521
6556
9793
652
7041
5417
9417
7641
7872
2921
1380
4206
4638
6014
2731
6695
7654
7128
398
7955
7184
3827
8745
9421
8108
9701
531
3874
5845
9025
250
4280
6700
8081
1679
9883
7553
4099
4743
2737
906
5449
8815
7306
2268
6648
7050
8195
6139
1450
7981
2973
8484
1778
3489
4144
9888
2205
6819
7903
1341
2126
766
9835
8029
5106
1798
3849
5842
1164
3549
8237
8937
2964
4522
1570
7983
6925
6500
3553
3836
4395
4370
5522
9915
6021
7447
7218
1607
9007
6739
8538
3231
2226
9885
8388
8472
2676
25
5428
8183
147
1732
2092
6154
213
6911
2925
4988
9124
8406
9528
2132
4039
7389
9695
7536
9814
6988
5035
7369
6114
675
6285
1921
7286
1560
8068
5304
7071
1341
8261
5657
5042
218
9088
9728
6066
58
9297
7073
541
5612
6517
2307
6494
9315
362
6439
4156
6720
6980
4077
8256
1367
4867
9836
9024
1930
805
3377
1171
4696
43
7233
7885
800
5291
9092
9353
4114
5067
5339
9831
8920
6203
3148
7201
7199
605
3182
9926
8006
1531
883
7285
4384
8403
4329
8204
7654
7499
3211
7438
6034
5571
3107
9043
8871
2303
6025
1804
8971
2456
4080
7122
3503
7717
1191
5460
9416
910
9096
6628
7511
6415
4879
9682
6601
5461
6438
8571
7604
2584
9174
2957
775
4642
6902
4340
8212
365
5799
129
9848
8850
7063
827
89
8057
804
4560
8154
4384
3129
3969
5745
6777
1806
3159
6337
7229
903
3600
9546
3350
7950
5539
2221
1229
9441
9547
9222
7350
990
7924
4767
1056
6586
8597
6597
6940
9995
5160
6755
2212
254
9718
5064
7322
5612
2468
9399
4479
5350
5755
7536
2947
2861
826
5364
964
9952
7809
5421
3169
9503
2442
2935
707
3884
4794
6318
6439
1096
3426
3879
2052
5183
1028
8170
7198
3595
2162
9268
741
1710
3037
8567
5648
5175
4929
1432
4019
811
3093
5460
4242
7232
85
60
6018
2518
5492
7190
9158
6182
5081
6767
9107
2117
7366
6452
5759
6184
3617
2821
2277
7730
5014
4433
6658
7887
3731
6490
8421
2602
951
4497
9938
3509
9377
5747
2660
5768
3684
4303
7312
3804
5674
4123
4549
1761
9794
6327
3416
7091
303
4959
1428
8166
6538
4971
3842
4047
2238
4785
9563
3792
6807
7716
2185
7532
2085
9809
2524
4302
3907
5127
6255
8280
5474
8109
5237
5740
8295
8659
7853
7935
8514
867
3216
1273
8105
7659
7855
3999
3395
9709
6634
468
1135
3625
7012
9397
7834
1070
6235
7849
7716
9052
4579
6069
6472
9974
7198
8735
7492
2461
9333
2652
2323
8014
8877
8997
726
5696
3400
2133
4309
3259
3627
468
4069
3442
6808
1255
9196
5026
4943
4984
5071
9322
3754
7991
1309
9919
735
5981
3225
9047
1117
6942
5515
9914
9988
2228
2432
9195
4178
1179
3477
9633
677
9995
1153
2014
5108
3485
576
4641
1732
3308
5476
8670
6339
9156
8979
1105
2684
7943
5367
414
9178
4762
6767
2033
5430
1141
8897
1125
7934
348
1131
3976
4339
4316
3844
168
5619
2797
2974
7937
8182
4436
2995
6386
3966
402
849
1448
5856
4332
7440
8644
3578
4196
4219
5533
5388
2093
9677
5569
3511
77
6798
4645
2012
1014
3845
7298
1796
6031
6098
8714
1130
6061
9141
1579
8183
7372
5304
8743
8624
1650
2067
1733
6084
4110
5652
2130
8997
8316
233
3813
7265
6508
7336
8239
4007
4870
8629
6300
9088
1655
2298
7182
8426
6129
538
4415
3186
3242
8852
425
8149
8103
8216
5845
6196
497
3839
2825
3493
4947
2267
6708
2305
9961
4658
2938
3507
5057
1244
7172
7056
7132
9145
560
347
3217
2459
7609
4701
675
6124
2758
3854
8431
1663
4164
8018
4650
7739
1327
3833
7938
3704
3439
1488
3316
7006
1391
8969
4610
2554
8756
1521
7366
2980
2956
7501
8141
8560
2821
2049
1928
8319
6852
1481
4945
9044
988
808
6862
9346
4065
6861
1945
4246
2325
686
7810
474
8562
2761
4692
6430
8533
8194
9707
1753
3836
6120
5652
8616
1161
5531
509
4824
1904
9152
4067
3853
2408
6706
1578
8720
5827
6089
1241
2210
5647
1577
666
3650
6480
7681
6175
9418
1268
4288
1792
5030
732
7308
5875
6306
882
1431
147
2595
9996
3653
4556
6239
8204
5063
936
2090
7115
6777
9688
2004
747
8248
5858
4871
1805
295
2055
8294
6937
1826
6989
6022
6459
2761
5373
5122
342
8450
3258
7360
7788
6330
3627
8285
6699
4949
393
5015
8664
1203
8544
3790
89
4917
5816
8945
1352
3724
6683
6736
7120
2397
5707
6000
7788
2553
449
4773
4399
2003
411
8955
4330
4262
8414
286
8912
4664
9344
9547
5130
6459
7411
540
1743
4812
4763
2946
2129
6504
4756
8129
1437
6168
9585
3242
3614
8736
7224
5411
7151
6273
8291
9386
5523
458
6424
1349
8659
7618
8171
9405
2257
6698
1666
6106
78
1447
8961
7366
5173
127
9353
6729
9359
1920
9398
7782
2200
7086
2959
1661
413
1987
404
9078
2630
3552
4082
4370
4285
2333
7091
7624
6475
2057
4466
680
1936
5902
7913
9003
4964
8481
4773
538
7077
3079
6645
5736
9772
1905
771
7718
2738
5290
8796
2510
3558
2901
3097
4835
5056
8524
2643
2228
8327
7145
5679
3599
90
4187
1761
7470
3194
1182
7086
2557
4214
2116
5290
7391
6780
1202
7468
568
9336
7187
1842
1956
6064
2161
2604
751
2878
6333
9787
1068
9277
9564
2825
4135
8547
659
4853
1684
5999
7075
167
8804
4067
1289
3095
5905
4850
8759
3194
8421
1882
7960
3723
9584
5828
2832
6422
5744
9434
5994
4678
9837
5825
9694
776
1069
6337
6441
2165
2936
8871
8262
2085
8193
7502
5942
3446
2033
3851
9417
7902
2648
3796
186
4082
4048
5972
7669
9852
4433
9207
4888
3346
552
5827
8335
2371
2049
2922
9122
9683
8608
7637
2190
4689
3090
4478
9856
1037
3193
334
6630
4916
9768
6476
3742
7192
8124
9855
6171
1889
5885
4921
6282
4889
6303
786
6362
5089
1018
4122
6416
6012
5325
681
1544
725
2114
2230
7764
5319
8854
8186
3722
5395
3944
844
2517
4274
4300
182
8090
7829
2168
3055
3735
8608
5076
5111
5718
7456
4581
9001
2424
5677
8273
9724
859
5422
3976
2092
6159
770
478
4035
548
7802
533
6535
566
9967
9314
1606
8762
5113
6375
5361
7895
907
3899
1577
2898
5845
3714
8144
6910
5109
5325
4237
2232
2922
3996
5184
6752
4132
8812
1765
9692
1586
6508
1836
116
2027
4396
7613
1317
9124
3950
3833
1014
2895
6433
5112
1567
8767
4223
4572
6790
5211
113
9362
4763
1600
8004
5161
2926
1421
3660
2916
7579
1911
2348
7889
1421
7
2632
3696
8536
5864
4366
52
9145
6417
4314
7571
2146
7438
4763
8918
6735
7957
9410
2677
2944
1564
4048
7934
8179
3466
5687
5618
3695
1403
3439
6632
9648
1725
4310
9513
5860
4722
7804
8310
3845
8117
9782
1359
5136
1755
1019
1299
4113
4040
441
848
5899
3727
8107
6669
6774
3841
2465
7532
7712
3271
6340
5946
5899
2545
190
5136
9820
2872
2994
8101
4879
5310
5172
8141
3924
6582
7940
4834
6592
274
1266
7822
8534
5514
6857
4481
7069
6376
9795
135
5409
962
6813
3367
160
6375
4780
1153
4885
2018
4185
2134
4240
8849
2462
4247
610
379
878
3185
809
7926
8886
2918
1620
5940
4701
3007
8300
9050
4115
3252
9531
888
3320
4199
3464
8407
2132
2351
4805
1913
2506
6425
628
705
9566
3694
8908
8143
1793
7833
1632
924
5573
8031
2421
2431
9209
5734
5102
6260
7539
2212
1895
9211
4540
5901
4318
5689
9024
3978
4097
6842
3359
573
4624
4490
545
1524
4665
4355
6929
3902
5967
3383
4206
9804
1351
4029
8050
7098
1129
4651
2367
3877
1178
4882
3116
3294
4465
7583
5727
7476
1741
9103
6333
7294
6336
5231
1065
6212
2931
9553
6866
7236
7897
9840
794
7210
5801
6764
4512
9687
6930
565
8265
8883
1559
1050
7326
5015
589
4894
9041
9945
2918
4534
5125
1116
946
3081
6354
4800
7488
3887
9840
9389
5767
9389
1932
4692
1733
6022
255
5576
8609
8987
5189
704
299
9764
9731
452
3497
2102
5848
8233
2684
7487
7871
7506
1661
9188
3670
2026
3070
9630
9697
5237
9238
2335
2263
9218
8474
8564
5912
8331
6042
2679
372
6807
7071
1978
1723
2716
6969
3207
1491
7030
9489
4728
9082
796
7323
290
8232
9739
4542
5222
8559
2010
6588
5197
7838
418
705
1706
4884
4600
1206
3033
9999
2156
3494
3234
7311
695
3967
1787
5104
7560
1556
6137
3393
3658
5624
3369
7026
7810
7312
4096
9894
1918
8167
8184
2813
2490
2431
6763
1
3990
1822
276
6937
2491
5304
4539
6163
3213
1173
5708
2843
1124
1889
1230
2373
1496
1605
2405
9022
7485
8808
9151
2366
3068
288
7253
4353
4859
4483
4768
2452
7743
5184
3857
486
8967
4397
3963
2574
5773
377
9239
4493
3246
7670
6998
7286
4679
250
9325
9118
2380
7749
4755
9123
9080
6644
4108
3148
105
9353
6270
5689
5822
5534
4287
9196
1442
1477
2412
6679
6325
9075
921
513
1277
9682
8370
6289
3606
3736
3337
1118
6249
4140
8873
4576
3946
6785
9649
328
8152
7810
4451
2191
2219
5688
7897
6692
8393
9764
1584
3125
4546
7027
9079
2073
1675
9305
8944
399
4522
3469
8704
1937
5335
4476
586
148
2044
2084
10
1235
1816
2101
4088
4309
1023
6141
2200
6742
7675
9199
946
8262
1063
3537
8100
6386
7280
1850
3194
8917
2290
5070
2537
3400
9047
8200
6594
6077
956
9182
3771
225
4986
1213
6752
6228
9894
4474
5759
9929
5577
3983
7431
4831
4181
5688
8368
7077
5283
4844
175
2703
688
3290
2592
5059
9740
6513
9428
6203
7133
601
5497
607
1785
7296
8472
828
5165
6492
5614
627
4494
1531
3864
4867
8183
3156
2279
1570
9000
6431
3823
3833
7347
8048
6466
6069
2642
8508
1311
6287
7538
3394
1841
7171
7215
4013
1304
1355
9499
4999
4701
8574
6922
9541
9900
6454
1159
8753
2279
5162
1983
6624
7425
6437
660
6972
8031
6393
7890
1124
4400
2527
6191
5936
3852
3538
6071
5359
8668
7631
5043
3604
5865
3114
1191
7677
211
4631
7179
7890
8272
4420
753
2454
2847
767
9404
3493
490
2274
5592
2000
9541
5907
5878
5121
7479
233
1023
6757
1717
1808
1276
8702
2362
3962
3267
1849
1046
8432
9961
5619
4259
7049
5999
4179
65
5928
706
6910
866
4299
8634
8914
9642
6424
6283
1984
4556
7376
3499
6702
1956
7461
2604
6564
6793
4936
6917
509
7709
1070
5290
8777
633
1224
5043
6995
5038
7567
830
7575
155
7847
5117
7798
5222
4595
962
9853
1466
3380
8528
4319
9624
7395
5496
8769
3837
8074
3307
8801
8531
568
2769
2366
773
2844
3361
3118
955
7433
6331
4110
5883
3425
6686
4571
6925
7685
3054
7508
1410
9745
9697
809
9027
178
8895
9711
5442
4771
4355
983
4099
6763
5082
334
1352
979
7696
6584
2660
4957
6582
873
963
5436
2240
3555
9380
3818
2367
5946
5640
6440
2946
4427
4247
1583
8506
857
3270
1668
9124
2994
8593
8486
9383
5836
8836
3851
8786
9345
7789
8542
7390
8821
7162
7557
7283
487
8566
5026
5950
9269
9611
215
5520
3228
2963
4042
2132
9156
2394
6913
4931
19
6413
7238
325
8375
4608
4373
407
3007
5218
4511
6167
1942
3794
8951
5959
1021
4183
8611
76
2998
6843
3775
7585
6884
9891
2671
4186
1973
7972
6345
161
6092
3643
6803
3500
1383
5983
5063
9657
8093
7318
3168
9162
2855
4305
3908
1676
4823
5322
6619
7719
9481
7495
8970
1116
2283
9365
3502
2459
8609
3840
1880
2944
4263
7948
200
5803
7816
6366
4375
3430
5403
3112
6281
2492
3279
173
4928
8200
4166
9133
4871
3794
1676
9885
5996
3489
5310
9156
7439
2901
1868
5035
4987
4685
6290
776
5012
3266
1375
5664
6814
3618
5720
5558
5005
2094
7554
7822
9705
4892
8303
3120
387
9367
8198
5629
6164
7518
9042
199
7337
7393
8112
7776
9999
4346
3730
6551
3240
4947
2197
7070
4926
3015
4494
4374
5337
2440
9691
5318
185
6212
89
143
7177
5900
8290
3391
7637
4304
8323
8610
6199
8919
531
2148
2984
5440
4424
5848
6893
9441
5204
6493
7218
1399
4323
8279
6795
9185
3554
5908
811
9998
8547
2579
2139
8829
2742
6385
2928
4964
7170
2871
5195
4070
906
9672
182
4871
9899
9937
699
8672
6170
7698
1440
6111
2079
3015
4480
9343
2720
357
2957
2691
1893
2862
7556
2632
8803
7576
135
9226
9438
9581
7504
5975
1613
8582
9718
1030
2198
4774
3352
7526
7885
4724
1458
3648
8390
8629
9209
4633
6633
873
4146
3407
3481
1515
6831
3730
5567
1700
3188
7479
5995
9044
93
960
6372
8572
9784
8397
3493
3133
782
3862
7084
1073
2919
4664
269
2212
1659
6314
9805
6220
1064
7055
3076
9510
4128
5677
8013
5019
4849
1735
9215
4932
6987
3546
4705
8015
8015
3901
5330
9858
1935
7385
7432
3871
7097
270
1315
9837
8194
9366
5151
5384
8796
1395
7333
3393
6890
1840
2200
4895
6404
1862
3287
7462
6739
4248
9708
8006
9324
854
7497
5178
2937
3067
8588
5115
3381
5028
3733
2959
499
4089
9338
8877
5606
5232
1281
4444
7542
2537
8735
5698
7426
3478
8378
1154
8100
9883
4502
2748
5357
1932
428
9785
607
8137
9481
9446
104
3722
1704
5537
1150
1050
817
290
5366
7470
3094
2880
755
1321
3617
3006
8326
5053
9085
7711
180
8810
6984
8748
4447
5733
6054
7627
1126
1503
5090
754
5323
3493
1083
4739
7072
68
2981
5960
9481
2230
7404
9863
4329
1391
626
5123
4664
7909
5201
4849
2282
321
6268
9942
9203
7007
7946
5734
4771
9737
4940
6833
8697
7252
5805
9390
1236
4377
9403
932
5793
4715
2253
9481
1354
2420
2040
1233
5746
3055
4314
3182
3869
8884
7953
2786
737
3584
2748
3357
7014
199
1175
7292
7730
6483
9801
8767
619
7189
1036
169
8947
7557
4645
7724
7537
8828
815
3486
1672
4178
7763
9203
6986
5450
9564
3279
8560
4585
2398
9070
4727
7686
4864
160
2287
5000
7383
7143
6052
8718
1001
6886
6651
8675
9130
9005
8530
3462
4102
9492
4188
4635
9682
8520
5511
5599
6798
6395
5041
9074
8176
5462
3570
2014
2587
4523
6834
2890
2955
4509
4621
5909
8903
2108
6641
3045
7446
8340
8484
8115
2277
1304
8099
876
6471
9664
2952
3526
1630
2742
6762
6662
1893
863
5943
3179
9479
3026
2434
1890
9567
7936
3740
3044
8756
6281
7126
5108
1177
7302
7127
6234
5651
1499
9112
5897
2337
1555
6252
3436
9329
7302
1661
8277
7904
7528
2781
855
8551
73
7169
4398
5439
8549
4661
63
5244
4672
6950
2137
718
6310
9465
9511
8547
166
6155
6325
1472
6498
3904
9970
8253
4656
7060
3669
8612
1325
2242
6725
9449
1149
5405
5870
6379
7436
4061
4310
3804
3157
3335
9441
5319
4299
7099
3262
7963
2172
8928
5160
7743
7980
6104
8732
9246
9276
3935
7818
2195
3658
9949
3916
7093
6666
9963
3248
590
8179
520
6335
4363
1534
5963
1952
5214
5688
7076
1614
2545
124
9840
4442
127
5062
3669
8928
1543
9145
4058
8598
4662
6296
8589
5408
8714
9938
4730
964
2495
9036
1790
4360
7861
791
8804
2475
7691
9420
1510
9785
9126
3172
6974
7625
8345
3616
7835
9582
6578
3392
3146
604
3777
184
3936
3764
1390
8255
5682
7543
3146
7559
4216
9172
9438
3415
2947
2192
9005
1315
210
6998
4019
7851
3025
198
6944
7658
7864
6603
5539
5061
4069
6725
9589
3662
3051
5981
750
2056
75
288
7290
7402
8296
7248
8478
4619
5633
9047
2285
8647
618
8225
4833
3399
8204
739
8430
327
1270
3329
6461
990
2433
311
3528
2635
1821
7516
2933
2682
5682
4039
1297
3639
3570
2757
8069
4356
652
7466
997
4569
8675
1139
1786
1242
9950
1695
8019
4514
6081
7253
6058
7225
4756
5945
2958
2608
3105
4621
4053
4108
2976
4237
1811
7776
2194
4922
5707
9988
1465
2631
7175
2778
8750
3864
7195
1918
7531
154
7448
9174
1546
6305
3906
3495
3309
1823
2976
418
293
3451
7375
2568
6148
4999
8823
3652
7100
9750
2699
3904
3511
1284
5043
6039
3873
8526
6108
8040
2025
2927
3661
4365
632
4724
8918
82
9004
9348
4166
5579
9392
6933
2803
3447
268
948
318
1468
1567
3617
1766
8316
8083
777
6205
9656
6929
1871
1905
579
9649
4004
2352
763
1022
2166
5415
1544
8079
1406
2872
2318
6363
2541
5076
6305
3802
5858
8455
3241
733
2222
8149
6909
8796
7989
5473
8015
3675
8535
7493
9946
7453
4543
7994
186
2875
6806
7377
6146
1683
7942
9159
8636
2243
5500
3355
9781
8056
6493
8378
1286
157
2762
9136
6395
568
4053
114
569
899
6243
140
6235
8829
8126
2213
3171
8572
6588
8363
2611
1830
3285
9894
369
5444
3385
2402
7920
5005
3690
8131
6627
2783
4343
5779
5418
3466
7977
6084
9967
9827
1118
8426
2556
1734
7453
2476
3745
7030
1955
4513
1116
4983
6531
3315
8654
3373
5347
1766
1000
9353
3991
7464
9397
3436
2892
2878
7051
2316
6543
6187
3269
8277
9273
5353
3943
2071
1302
2561
396
5655
7681
5069
5279
6860
6918
7213
4698
5994
5277
2210
8804
1911
200
4708
9380
4381
9531
8779
2231
875
2505
6433
454
1042
9922
6385
5988
3443
5245
9880
2702
368
3575
9475
5108
5150
8938
6424
5329
7836
7075
3179
2437
1843
6531
4083
9053
1505
5746
9879
3461
1153
94
7116
5551
787
6796
2850
4785
4437
9559
2893
476
4841
2898
8908
5451
135
786
1570
1491
9890
8295
4349
1510
8584
1604
7709
5583
5597
8726
3435
369
2139
1591
428
8698
8382
9494
1613
2492
3278
246
9384
5582
4246
2073
1344
1740
351
2458
572
8552
7416
3836
7421
922
3091
7
355
5336
1323
8913
8082
8001
9644
8774
4376
1743
5985
9846
5946
2701
237
8742
9593
6718
6410
3887
9533
488
9772
9404
5263
7053
2830
5477
37
3716
5674
8371
4038
3743
8485
6991
4548
7871
4856
546
7387
8738
4652
837
9622
3280
9589
5054
9519
7198
5915
4197
7199
6325
8269
1562
306
6125
9624
4143
8766
731
6012
8620
5233
9740
4769
1567
3371
8045
7796
8716
4183
9451
5659
2776
8815
9097
5104
5770
822
932
931
912
1081
8499
7828
5047
8238
9029
7890
2833
1571
1575
2592
5349
3834
5963
1502
562
358
6347
2950
486
6959
928
9167
1899
4327
2160
2591
7271
7370
3
3734
2244
7985
331
124
6945
9030
395
1867
3159
3199
9947
5637
3005
5192
6978
676
8716
8086
5911
2885
5382
6404
694
1057
3176
4934
6157
5526
1231
6795
1243
1147
6512
454
2246
8386
4972
853
4656
950
1511
3033
1302
2115
145
9262
5491
1097
1160
919
1432
8760
1447
7893
8946
3652
9739
4974
7396
986
5424
9994
5030
9187
1163
5271
8632
3247
2862
9688
4452
9248
1084
9202
1708
818
5457
4069
7075
6802
2954
3077
445
4890
6421
8482
3681
6486
4373
3638
674
6207
2222
8046
4446
4012
9165
2887
789
3138
569
8002
8236
8415
5270
9986
162
279
8913
6537
5712
3229
555
9933
4967
8644
2779
9659
1838
2684
209
5030
6920
8105
6814
2025
4244
6008
8296
9441
8151
1949
1371
1305
6951
1452
8688
8817
8760
4931
9020
1516
8181
5340
1695
5456
8592
8828
5028
6124
2882
5526
4387
5921
5524
4555
9694
7369
7387
4975
517
5589
3392
8381
671
5320
9161
3479
4509
9320
2410
797
5810
9958
3063
8344
6439
7256
5868
841
9725
5563
1199
7337
6972
1565
9236
4032
734
3123
7601
8764
7335
7999
7985
5854
2045
7288
2715
5693
5432
5230
255
5417
8465
397
8448
806
1506
2236
6798
3434
4081
688
6565
5996
7181
9530
5307
1142
398
8807
79
965
4841
6972
9444
2006
257
6438
5625
4709
9638
7285
3834
1732
5447
7311
1528
5416
2388
8550
4814
16
9646
5245
3840
8012
9962
711
9213
8097
1757
4749
8495
6782
6352
6585
171
1615
246
983
3066
2934
1005
2958
6000
3610
5967
5091
7412
7939
4730
766
2994
3344
5697
6925
7513
260
9349
8965
7747
846
2232
462
2410
6426
3682
3061
2810
9796
3507
128
1245
5734
1587
5720
3385
6791
6614
5363
5684
241
5974
248
1977
4373
2726
7637
6621
2454
9924
5203
1351
9804
5069
5279
3131
7707
4154
332
3628
9949
9030
2944
2115
474
4493
79
2647
4602
9968
7333
7082
2750
1171
946
2383
2509
3377
7107
3426
31
9154
4847
1379
1344
7338
9343
8520
2311
3076
2458
1928
1932
1358
2061
7056
8869
9088
6538
3865
5975
9329
3891
9694
9651
2104
5347
1876
2263
7437
8041
3175
4192
8637
803
5060
876
5146
5914
8621
5963
3272
6714
7166
101
2997
621
3237
3253
6766
4493
7264
4544
787
5944
345
6892
4529
2685
1781
9220
2574
1168
4209
6653
9058
3335
7834
9669
8751
8878
5802
4041
7067
8017
2817
806
453
8967
993
7207
7820
596
1189
9056
1232
3136
7338
7104
2330
4990
5052
6481
906
9783
6260
4434
5593
8958
4003
7314
8320
9507
1462
548
7572
7965
8539
557
268
2904
1442
8316
4997
4606
3307
3155
9250
6716
8872
3621
5885
8246
2413
1767
2164
3051
9014
5615
7491
4152
2167
7265
1689
3226
9818
9105
5570
6503
1073
4674
690
8951
5554
8304
2150
5903
9895
3754
5025
1254
717
531
2871
6975
8694
7658
5483
2385
2702
5009
8524
5545
6765
9618
6335
5799
1726
1909
4975
3734
8090
2611
5739
3603
8577
358
2817
5748
8952
8821
2991
8130
6990
9420
6103
1067
615
1518
9937
1065
6656
25
9206
1230
8408
9312
500
434
3908
806
5323
1650
9251
3252
817
2379
8103
1292
6719
9603
9131
8041
3630
4695
8293
4819
8317
7636
8089
2722
6864
3198
9806
8297
9872
4105
8767
7424
2120
5999
6224
1801
2858
4390
1712
3412
437
4875
6898
7291
6824
7772
3135
1508
2370
308
1971
9350
9230
920
4308
7859
4401
4524
6951
5123
9940
279
8300
816
1623
7766
8939
1752
1285
939
2504
9750
6888
7968
3697
1370
696
3663
2316
7746
6739
7785
7367
3723
2720
108
3331
2077
9507
2451
3303
4609
926
8344
6538
4960
2241
336
1842
8355
9473
624
1668
4928
5982
5975
9965
3410
789
8151
566
5862
7647
4325
6842
2375
4613
503
5423
7879
499
516
4625
5902
1542
7646
1702
470
8422
6784
3605
5881
8374
6397
7576
2566
4057
6261
7306
6762
9491
7113
9297
1995
2648
5504
3219
5808
9687
8244
8878
5579
2040
5825
3601
2514
1879
3460
9855
1960
3008
9659
5671
1338
6003
9148
4844
4956
4160
4035
5693
5193
2975
2953
8187
5462
3798
3171
7094
7283
5151
1709
1547
692
9592
1550
5830
2154
565
9116
9801
1176
7559
327
5190
5510
5469
3861
6009
4267
159
738
932
6795
7074
9475
9850
2755
587
1930
1402
7058
553
5277
4108
89
8587
7831
9727
5323
2437
4286
1513
1300
5758
9718
2001
3824
3746
1497
594
5052
6466
4031
6803
2855
1653
3349
534
8107
7614
9894
6268
7700
1965
1107
1967
1344
5337
7819
6958
182
3584
6128
3652
4613
7230
232
9604
766
8567
1122
8883
5048
4891
2559
1406
5529
842
4314
5842
3061
216
5591
507
8566
2015
8599
5014
1913
8973
8155
8916
9512
8127
935
703
8445
3751
7557
1074
8509
5058
2853
5333
9341
1014
9244
4619
5883
1619
3863
5858
6337
1508
7278
9639
635
9517
9621
7560
8515
4112
9099
8751
8460
9245
7884
7723
951
9587
4950
3099
2119
2218
8984
2627
9202
8616
2776
3605
4073
5874
2280
9895
5582
2102
314
9533
8369
9443
6014
8913
7506
3607
3553
7578
7007
4724
9058
8209
3868
2232
5272
9754
5504
2192
9017
9875
4716
5024
1330
5501
8975
9196
1472
1788
6632
5092
9837
3921
4124
7830
8831
9210
5733
196
7177
300
1093
3571
5102
6486
3155
5482
3809
965
4358
9745
7633
1903
3799
39
1717
1509
2871
2123
2672
2965
7053
8776
6158
3957
5881
4458
8419
7162
6119
8766
722
6632
4631
2369
7971
3683
1303
8961
6277
2434
7723
1279
1356
4076
470
6983
7175
1771
5470
421
3055
2846
2657
2439
2378
2899
8984
1074
9433
1180
4824
7519
6152
275
3854
7410
5189
8102
6759
8710
7633
5919
1006
1640
7499
519
4529
8341
1262
6224
4066
432
4853
3513
457
1914
399
2453
6660
3886
9773
6453
5519
6566
4982
5744
1049
1242
4756
7888
7009
1205
8894
3370
3114
4584
3221
9303
4
103
3673
6336
798
883
3866
4172
2606
1937
6757
7317
784
2003
4918
6490
8599
9620
4611
8560
3264
8159
6852
260
4583
97
8389
8674
1932
9546
9473
5038
5646
8922
4917
8493
6410
975
6598
2854
2317
9793
2151
483
8920
7000
4902
8351
6644
7703
9488
8160
1109
79
8149
8552
6391
9270
2755
4912
8470
1643
4730
463
580
5522
8692
2010
2321
2992
5015
1568
4591
4241
236
5300
4064
8340
4663
743
8737
4768
4413
8588
100
6523
4338
8617
5644
9869
4884
7054
8373
3408
8907
2361
2886
8302
6769
8662
9481
348
8453
9581
4786
8030
4750
7849
5854
5756
5396
3652
7216
4200
150
5937
253
5756
5970
2983
5274
6819
8624
5480
6247
839
3362
133
7680
7930
2450
1988
7001
5460
3676
8022
4792
2306
9118
903
8264
2441
6992
3358
3675
1438
4027
635
1456
8553
1110
8495
1513
1456
579
3662
4561
8408
2456
1341
6810
9551
7139
375
1645
6963
4108
8142
6656
3889
2877
1822
3452
3468
5573
2751
8932
2290
2892
6764
4343
7864
7799
6826
6500
5200
3520
6070
2666
615
1923
253
1460
1960
2666
9490
3439
3679
7743
3819
3597
5265
8286
9064
5324
6743
2191
7696
3194
8578
7252
8215
7849
4273
2610
1001
1613
2724
7573
463
5210
1571
7623
7085
6538
8680
251
9764
3756
8592
6437
4383
8712
8356
5754
9036
41
3189
8661
8262
9486
7234
4183
4849
2709
5906
216
5170
9592
7182
234
9059
533
322
2645
5128
4044
4227
1632
697
6695
9001
9482
772
4923
9341
9809
1522
8756
4681
6273
7234
6618
6232
879
9047
6294
1936
5661
5002
9277
9347
5863
9768
4985
1530
1971
5700
2329
2309
6559
1842
5551
7809
1074
3209
7088
5071
6239
3843
7001
1584
8028
4907
3232
4199
3702
7091
3680
4866
3996
6385
4913
6574
5761
4194
9619
2146
3567
2603
5559
1654
2450
5214
1646
6186
3115
3638
8924
4695
7133
7474
2543
5791
8313
8203
7156
5957
7075
5467
1354
470
6102
5251
5899
1777
4210
8412
3882
1507
8908
5422
8737
8662
291
4445
4794
6688
5130
6232
3195
8682
2677
8281
8458
6269
4162
3404
7700
5149
6541
3714
3852
4338
7923
2904
5449
3122
4246
1313
2249
8820
8112
2376
7055
1858
2942
6486
525
4828
4077
7188
5032
2480
9444
4952
76
1286
9580
7393
8908
8228
9405
5519
327
2657
7234
4127
1431
3500
69
4689
8482
2379
671
7715
1658
8798
9637
9942
8131
6029
9803
6446
84
6888
3214
6775
2153
4442
3068
7625
5713
1026
6733
2975
161
5670
8602
1711
299
8777
7965
5753
558
244
2307
6841
519
1476
6369
9555
3509
1561
229
7143
8289
5379
7690
6061
2802
1312
9125
63
9368
5106
2838
4027
2265
8625
9687
3484
4366
6567
5478
150
7533
4289
2343
6645
2335
6497
8667
8582
1612
2098
9033
5232
5983
3141
2136
9346
8132
8435
2950
2686
2681
697
9094
9275
8943
5911
1667
873
1237
4196
7819
5452
290
3840
3289
6785
1369
7385
4017
7019
9450
5644
7667
6783
3988
6877
9073
2053
3003
8817
3035
2144
220
7630
2335
4284
2074
8304
711
6778
605
398
2105
5438
3352
1656
2275
446
5317
1521
8470
4393
5527
7838
997
6683
4116
3757
4742
6813
8345
7505
2031
6315
8322
7692
2505
43
764
8090
5020
8178
3142
4803
2859
3771
2875
8366
3938
7749
1475
7920
6117
823
1823
8183
7529
1251
4202
5010
6696
1692
51
4885
4951
4357
5177
7340
9999
7329
7553
7003
5260
7194
749
941
8442
9774
6675
4328
7043
4952
6665
1844
6908
9202
6832
8511
5778
3018
9060
252
8422
8231
6810
7281
5260
3697
9578
2012
9028
3649
4595
6772
9843
4118
1475
7508
3934
4854
2996
4263
7004
2615
8742
8378
3786
8272
2677
7624
5274
7231
8453
9088
4902
7058
3457
8802
7345
5036
3409
1825
4981
1662
558
2966
7859
4959
6753
6788
7404
9441
8435
4679
4259
8310
261
4946
8137
2042
7477
8934
6946
176
8186
4847
1426
9010
1894
3512
3059
7965
8443
3808
